0.0422830460847587 0.0375446180143483 0.0364200851604925 0.0325101013579096 0.0309194046514331 0.031563211848301 0.0288777485201101 0.0240104596716513 0.0441703762466729 0.0416089844093224 0.0399872596331015 0.0409885502933171 0.0402840787899722 0.041756967008205 0.0493257465451506 0.0528124940909711

0.0431807560408452 0.0389716709644126 0.0361961386401109 0.0342533083552366 0.0325616019412967 0.035354832737192 0.029420723355061 0.0244029394045435 0.0438323256323463 0.0404788196093737 0.0386163702307121 0.0410782662039502 0.0419006858292151 0.0395974904962703 0.0501102179464869 0.0510538540263773

0.0436799902884765 0.0397761092022387 0.0352524864853933 0.0326314545588283 0.0306336265074603 0.0302476437561975 0.029792052603372 0.0226326997195505 0.0429222027396766 0.0434158190215883 0.0390349227189432 0.0390342781375039 0.0438606365819025 0.0507174675594875 0.0442363582327303 0.052650671153996

0.043210639031896 0.0391262726655201 0.0357373476602149 0.0332919701817822 0.0323165025615448 0.0327710827321462 0.0298261385086707 0.0255023225962359 0.0436515290451639 0.0399999768257792 0.0385193442872126 0.0378617402858905 0.0411559942794047 0.0409847751011506 0.0413428377173482 0.0537339495934949

0.0443982820445991 0.0419618411552949 0.0381275176966612 0.0342772793026663 0.0330785916291742 0.032574930992285 0.0336647522801596 0.0247754996392543 0.042045581117357 0.0411932252768424 0.0374358676523115 0.039488279261128 0.0398093792929853 0.0428441347164912 0.0411587769348219 0.0509929757184375

0.0435638384988012 0.0393153408168216 0.035897502022599 0.0332100404510773 0.0320862564582738 0.0313763298618641 0.0282719202790404 0.0235684739117376 0.0432378814251038 0.0395595479976178 0.0378793507481116 0.0413148896580683 0.0408270912728738 0.0421610285034303 0.0447794135490099 0.0535233822464965

0.0438142495577443 0.0393058331836424 0.0397187988382991 0.0345143624503981 0.0340657580648747 0.0317082031771443 0.0318923587237653 0.0254035000795399 0.042630566473532 0.0397691511205023 0.0414698957222411 0.0386289437436698 0.0382561743787136 0.0398840413739027 0.0405702847034631 0.0501945341294108

0.0404739371120878 0.0363619486457216 0.0341172754933131 0.031869766453218 0.0311778360574582 0.027789277490351 0.0280499356932741 0.0246299743132901 0.0466182766170895 0.0430424400193945 0.0425138485808196 0.042497075912983 0.0426766152378077 0.0429355757609148 0.0458153734100547 0.0478614053602589

0.0410915270104882 0.038732678320195 0.0356516545803008 0.0330772547866591 0.031180100802617 0.029962751755516 0.0296487401801765 0.0238734686088489 0.0457508453658654 0.0457476598493867 0.0412805745685879 0.0416867702334869 0.043131715403428 0.0455600508744411 0.0441800737819018 0.0546608067421786

0.0426092547098963 0.0393364288818895 0.038689228749902 0.0338233451831497 0.0330220631397066 0.0316551277888941 0.0298211515392732 0.0243017235589639 0.0438027813177356 0.0401647082819572 0.0401480486002806 0.0417041376856637 0.0412615251764532 0.0436532084096581 0.0466179717995803 0.0578981732132034

0.0440567994903624 0.0409018114829344 0.0386788005922364 0.0351915604814856 0.0323819263352658 0.0324544448068947 0.031802460736075 0.0252565169827048 0.0429045494888599 0.0391786455767898 0.0373974860105355 0.0370619200207407 0.0392456824910393 0.0381809046576211 0.0421900442193795 0.0570010934958091
0.0424975068109565 0.0375769346139879 0.0351586572648207 0.0331427860565896 0.0312360906512285 0.0326294957090708 0.0287744914417566 0.0249929122254049 0.0442346234017014 0.0415421543525279 0.0397039197313882 0.0392886590764817 0.0431906803093002 0.0407756269230952 0.0493405784648697 0.0491263754795662

0.042732658315273 0.0384927174339884 0.0380951148030388 0.0335792451499393 0.0320642771256133 0.0318366420502655 0.0296668930856154 0.0250401061817682 0.0437542621707717 0.04088598081008 0.0407303454382319 0.040474038115203 0.0424846016078344 0.0414012332899597 0.0492884438818177 0.0593931008173647

0.0431681641550657 0.039241129970029 0.0374389776503078 0.0313710020581146 0.0307495698183566 0.0306709568053276 0.0310168743766467 0.0257586492876182 0.0432778113740994 0.0407087661089904 0.0413787797995275 0.039830158779628 0.0405018818440127 0.040651189656254 0.0413799660508041 0.0471447669530352

0.0415203007536507 0.0394710089771132 0.0344643736333281 0.0321158911135215 0.030660079804283 0.0307356805099851 0.0290958660899146 0.0247243515245261 0.0452993138114302 0.0440410595491885 0.0397615229920554 0.0436531946553859 0.0447143435758091 0.043618855340414 0.0451479780691859 0.0535696432195316

0.0450376143075938 0.0403858030341917 0.0378411210760553 0.0351191401577559 0.0332986307001717 0.03203595494443 0.0332151269276868 0.0256387980211679 0.0419544415985317 0.0389204461718073 0.0382831809993497 0.0383743119767943 0.0386440325455486 0.0415414912897738 0.0380051723235389 0.0525100288433554
0.0427883688301301 0.0378924709301299 0.0352509462475106 0.0325948830507459 0.0304973486243193 0.0304583568985262 0.0292477706506429 0.0239245061666269 0.0440741452954958 0.0420253805085387 0.0412266875317285 0.0416975923102403 0.0446880093871184 0.0449194787234924 0.0469630492316344 0.046425302667173

0.0420989824906318 0.0381070256798771 0.0365607055354841 0.0331302741602427 0.0307125922983924 0.0312525824344229 0.0291585868641711 0.0243360817326233 0.04483068426654 0.0422472121496419 0.0400904418208699 0.0409088367488646 0.0427049906915554 0.0455345204470415 0.0464206313990184 0.0511151043240536

0.0417058326361903 0.0388997455813498 0.0376391644395005 0.032311179763612 0.0292411518018929 0.0300444176362051 0.0286703762508812 0.0247101725225254 0.0447138917972985 0.0432425721199985 0.0412544867018788 0.0399803538276516 0.0443416190633275 0.0430488202053589 0.0559628652704579 0.0553224601172488

0.0429098452956115 0.039866037281944 0.0371088778791161 0.0321044882213931 0.0332953884374105 0.0312133703835201 0.0293443018421022 0.0257427775660619 0.0439158800805147 0.0406283964866693 0.0389702384907263 0.0437342846499171 0.0423983570716623 0.0440016837102259 0.0443566345506478 0.0472712249169282 
0.0435200055681762 0.0391363281112867 0.0373983995355291 0.0336020961619224 0.0315822287382232 0.0320319964422269 0.0332165596860628 0.0247944354539041 0.0429807772418765 0.0399804490467973 0.0387727195512291 0.0393932338969085 0.0406533339442676 0.0406148704313836 0.0420553654733027 0.0581406447105145

0.0442194304490833 0.0394632142547466 0.0362736134024528 0.0377154675981266 0.0330524252396117 0.0310291289889493 0.0298633255061784 0.0248219294719584 0.042292318727824 0.0401019974545501 0.0376399776094902 0.0406740654073405 0.0385005528365198 0.0419200342142642 0.0443190399038452 0.0474755973673442
0.0395206858697811 0.0357953277175796 0.0340908170717988 0.0309202634360813 0.0294084421017511 0.0289640650884749 0.0282353603860435 0.0230662117771117 0.0473355548115058 0.043425115981925 0.0433454896319505 0.0433288297026137 0.0437237639778524 0.0427783774915906 0.0442297201454267 0.0501183556927896

0.0440373815976953 0.0404225669586594 0.0394782053982962 0.0352927339121198 0.0320196256034946 0.0317586773078698 0.0305663931460044 0.0263478339455241 0.0423299147877046 0.0392793003246378 0.0396312559621317 0.0381712356209267 0.0441640070095809 0.0411478586003396 0.0418948588869161 0.0471908772058322

0.0437546136934146 0.039488786499019 0.0362964052803532 0.0347793733004906 0.0319024908751832 0.03239395654691 0.0310243795895689 0.0254535464416207 0.0429772036537288 0.0398573434678928 0.0384213949227536 0.0398801138980656 0.03966231944409 0.039261758407322 0.0409059195778598 0.0500215128225946

0.0451342077384196 0.0401926205070474 0.0381854158770644 0.0340823348153627 0.034581432224653 0.0303969658116019 0.0318262845888267 0.0271807956241811 0.0415594561445241 0.0393460909699642 0.0421756302323235 0.038699611236724 0.0369738514938919 0.044573709431015 0.0424826886053567 0.0480250296356726

0.0393472716829165 0.0360592870526319 0.0339005096842614 0.0310056437421915 0.0298776270409689 0.0293121386738195 0.0278900504572343 0.0242746552086056 0.0470480753926171 0.0430107412267231 0.0399471469270982 0.0445647177395085 0.0431557147941267 0.0436734702367472 0.0436706391227131 0.0490775230238893

0.0428908669925436 0.0389768916682498 0.0358556210932615 0.0323764221310487 0.0323573285079546 0.0310888439201159 0.0305768357092765 0.0229740960731903 0.0435189598551013 0.0403370447102004 0.0417127103678579 0.0400338911077587 0.0399073217999199 0.0417882053578951 0.0438718030322099 0.0566644414882773
0.041878232041337 0.0373547282220311 0.0356699179144866 0.0326116367050614 0.030748754536943 0.0299016599194171 0.0287774844640217 0.0258818264175745 0.0447729635118954 0.0415881066266185 0.0440870813921527 0.0438492792908027 0.0424965464941875 0.045025157034812 0.0433309757485649 0.0454309685435859

0.0428096065226136 0.0388848526591573 0.0347880014470175 0.0327973220739015 0.0315645724938026 0.0297479546751677 0.0286550917271348 0.0232093609366689 0.04353086286374 0.0404952670877447 0.0397042443264602 0.0405564765285824 0.04137927023144 0.0419510873345908 0.0432859594542408 0.0646726632473221

0.0423713442686132 0.0388724952698247 0.0370291528040872 0.0335420057198106 0.0316827216438638 0.0323617976028211 0.0285379130670828 0.0234656532778409 0.0443625012198164 0.0402912675702484 0.041632546690256 0.0397258895545256 0.042230252859642 0.0392440320911483 0.0446235735264822 0.0558403042750985

0.0424239315608478 0.0404673415334667 0.0388346555679918 0.0324309392851717 0.0301888147853539 0.0313150421699992 0.0309594886986173 0.0229573782301108 0.0441920877560888 0.0423336405754817 0.0406955281210657 0.042469912100679 0.0473689920483523 0.0406818191273822 0.0429211623260186 0.054928925561937
0.0433857684274768 0.0407928138108922 0.0357865408048177 0.0334829804389516 0.0337877251485073 0.0310669612251022 0.0313785263917555 0.0239769167974399 0.0433679231107825 0.0428170593152807 0.0382685069362842 0.0400222797021109 0.0435441196344541 0.0441438916850656 0.0423083278564213 0.0536762451912311

0.0405240816126199 0.0377356887242219 0.0338787583519189 0.0318002540361857 0.0318770374766743 0.0305588631245078 0.0289985045413878 0.0230953988786312 0.0461770356884972 0.0457181931526476 0.041264650821955 0.040973305097936 0.0411360569243749 0.0418683718091692 0.044772791235199 0.0544358025091919
0.043167459679046 0.0393660753437632 0.0370731445911565 0.0342873658393287 0.0316810388148876 0.0331390613357244 0.0320880088325415 0.0248581347959819 0.0433012959778919 0.0398642831723559 0.0400314731021364 0.0377214201005821 0.0405242350662009 0.0393716011030215 0.040527520727402 0.0527547640952236

0.0420424365248783 0.038088326307027 0.0344479140356517 0.030425396015878 0.0330522788056853 0.0306576136309015 0.0271351144489298 0.0237114336268839 0.0444637685913981 0.0404265034709812 0.0393450770883594 0.0412601060259958 0.0398051303813184 0.0439753120912625 0.0521453549557038 0.0613497167210922

0.0447995756579863 0.0396929571063568 0.0384120353928178 0.0346847393338999 0.0342943166615538 0.032854579568605 0.032244301721145 0.0259174496975809 0.0419541710829673 0.0394814039855571 0.0384893467813139 0.0377943943463092 0.0380818852513056 0.0407970932063212 0.039131487269399 0.048743371167176

0.0427622466596964 0.0376013173219726 0.0366384341904607 0.0320779459935488 0.0334148902882637 0.033001998792136 0.028597562523249 0.0239978333457494 0.043748052138365 0.0411355127076477 0.0457394015703915 0.0432320394278104 0.0408546329662564 0.0441351388482113 0.0452448030312093 0.0535674864907742

0.0438392481016657 0.0411253118207263 0.0361293364592494 0.0345156504420829 0.0326484177726727 0.032604579678442 0.0303540279807379 0.0234817525910477 0.0429199822937721 0.0440733121301418 0.0379601377615418 0.0375757371448451 0.0427309096364181 0.0406806622441943 0.0410276210881703 0.0597224868068231

0.0426194597901474 0.0405139129380752 0.0359549691997478 0.0342620361476752 0.0323071062268785 0.0300761404106296 0.0286614834194235 0.025309079370126 0.0438819353544269 0.0424942520336435 0.0397634577007206 0.0402679753493096 0.0405854728622472 0.0418601335545796 0.0434405530886707 0.059777816109235

0.0433275849695759 0.039013932953818 0.0356275745251829 0.0363563303539863 0.0310331260583601 0.0315858326351095 0.0289629286719319 0.0240575765435945 0.0432286108845921 0.0398150010624512 0.0381095781532099 0.0424168487438959 0.0425384675943505 0.0425078121664817 0.0414147544453693 0.0497795745229385

0.0420450230134721 0.0404317991243329 0.035274414231582 0.0325648255106819 0.0313090712072807 0.0299735798082731 0.0306208414486992 0.0222491653507418 0.0446088338416245 0.0428971999113887 0.0415362413615091 0.0407531729686722 0.0430423485550151 0.0411037266368025 0.0438112426278937 0.0606276461554336

0.0423246764582631 0.040201679117263 0.037106150605501 0.0343303287293509 0.033469792575792 0.0295346901950099 0.0274141228347553 0.0236252942484117 0.0444573786973947 0.044151868289898 0.0403517355313279 0.0419860106732537 0.0395881048860064 0.0460891532743537 0.0450792857780504 0.0588542976646053

0.0430027347532996 0.0389978610163097 0.0388871582217133 0.0335872320491271 0.033674478664479 0.0309855699042122 0.0317426797845193 0.0242010690415723 0.043740608351505 0.0402095998580988 0.0419281409915794 0.0409464912866485 0.0387042468624036 0.0417779047661929 0.0433314454397792 0.052201613947554
0.0421984581785041 0.0412889279203491 0.0391661401887884 0.0337233177792381 0.0312887086089343 0.0308683289689752 0.0291869185758402 0.0244124890212162 0.0441235998156101 0.0449596635461752 0.0412347006995964 0.0396268075805796 0.0456171206727892 0.0429613900359324 0.0444574398635606 0.0630958844753245

0.041393141133835 0.0364756807918368 0.0356408835644052 0.0332338301940811 0.0313749374942528 0.0301934055225463 0.0292435441366962 0.0223532240244859 0.0452544546071171 0.0426594016289074 0.04045802563022 0.0416119757291144 0.0454448551508541 0.0439391690944185 0.0452061712021245 0.0573179684800186

0.147182149111791 0.0401391768043462 0.0375802470537939 0.0344638610417132 0.0305750426464067 0.032495061497018 0.0306925438232544 0.0247214550009993 0.140724287840847 0.0392146262383691 0.0376122830538385 0.0389007117611296 0.0439720523239443 0.042357249912163 0.0428890187660569 0.0588234266237413

0.0425834579596401 0.038066088443113 0.0347773840071704 0.0328772032051575 0.0304997087749452 0.0302179601674553 0.0286396239506205 0.0244686602248815 0.0441364803135635 0.0410022305630561 0.039725016918512 0.0406168000344229 0.0441934262823929 0.0438764141789974 0.0454410352135031 0.049941919399241

0.0421045526539126 0.038447948017877 0.036340082457595 0.0335559798265028 0.0333769457490828 0.0307097409466866 0.0297261709185082 0.0232236245297113 0.0445439287283269 0.0409688445370041 0.0395237584325432 0.0381895616274936 0.038885267968946 0.0506724246636304 0.0431252697161459 0.0538480292280336

0.0391217222954896 0.0352406188512038 0.033289105867485 0.0312187749509388 0.0285239463510561 0.028699862290023 0.029095006429931 0.0202639823404937 0.0473823241177407 0.0439693276693251 0.0438621840988021 0.0427540644929077 0.043606461306711 0.0449614898679279 0.0432792894773377 0.0603181804730685