0.0885675266004794 0.045034191522608 0.0433561699442078 0.0348160985103947 0.0342809858794315 0.0341089203858434 0.0330309151153754 0.0264314786899548 0.0888520576052581 0.0494691722894468 0.0505563942719829 0.0422509790412458 0.0441321969615548 0.0428330586244515 0.0434996632946741 0.0550546725563204
0.0866643088995322 0.0425764638161225 0.0396325756526043 0.0353278844623274 0.0714400948832341 0.0432081671585464 0.0416210248301635 0.0260634746883601 0.0885730912815063 0.0465766185984837 0.0439894939995618 0.0409398938358197 0.0746745271580127 0.0506047038708539 0.0562034868286482 0.0584106507730271
0.141445881227583 0.0807448655760523 0.0404929372024252 0.03449575569512 0.0331311255161192 0.0343126600915402 0.0301879770186898 0.0262173272087371 0.146580918386995 0.0929543215306936 0.0485018597389079 0.0419821072863671 0.0450554749238861 0.0398148000006067 0.0490414844396951 0.048530538005765
0.143501539291779 0.0799171365216877 0.0755450021061485 0.0356858073493931 0.0357241425836946 0.0420582166964537 0.0324950295396672 0.0305949303254298 0.144527259567504 0.0933646396234404 0.0935550293170289 0.0450453975991725 0.0431219710983818 0.051918057618101 0.0453311188990125 0.0569077833570474
0.0843621209523048 0.0836616723305239 0.0411981612731285 0.0350516513656311 0.0342459658023822 0.0331554051104263 0.0337416279715665 0.0297629825073413 0.0907083146361393 0.0936908685425262 0.0459483584414392 0.0405515634036884 0.0399823942722845 0.043083006657691 0.0428462016119126 0.052535096757386
0.090209145389846 0.0895679862689577 0.0413076025959892 0.0387443108621557 0.0375775333052985 0.0371383556470729 0.0336527445201779 0.0308006653740229 0.0860619348597991 0.0870220379069679 0.0429715441484097 0.0404834205572681 0.0394979881113794 0.0399007436453032 0.0416400333784604 0.0529885581041674
0.0883755333131189 0.0443546890308585 0.0781980895099506 0.0358046831777105 0.0354355617390047 0.0333951412806506 0.0307277880923063 0.027288843010106 0.0870010633664566 0.0446258245778407 0.0890661093837252 0.0391712144941183 0.0430414893029559 0.04306573239255 0.0457684269939308 0.0544641511487327
0.0863492205447554 0.0951826452434978 0.0401677782804648 0.0354680690729947 0.0345133766133391 0.0347361386397177 0.0332256689420697 0.0268294480726765 0.0905237426886106 0.105481396065451 0.0445016720791955 0.0396834712007363 0.0427235206837716 0.0387595234744428 0.0449090432101969 0.0545129525111451
0.0855890767770318 0.083863211055974 0.0804534987167685 0.0668206406572552 0.0343322107710542 0.0331750102712009 0.0323246321663115 0.0285317676895629 0.0922274307500632 0.0920827448348779 0.0924685031065693 0.0838550930634263 0.0410470023665979 0.0419371396516472 0.0434056220811125 0.0550567482239985
0.0892852680828172 0.0480766247099436 0.0802988653002145 0.0372820137673205 0.0347722385332106 0.0368215928467044 0.0339178516512106 0.0261433096500692 0.0886688739609248 0.0463344904829614 0.0879835725289303 0.0381554916458075 0.0405508593394037 0.0397471388579542 0.04122592790273 0.0582820204647489
0.0872917694525374 0.0969124270319477 0.0794682289608027 0.0374923392732778 0.0340397670147753 0.0334489201184134 0.0346766348704649 0.0278752090144121 0.0879514762807797 0.104596686846481 0.0897515365782496 0.0489750282618085 0.0440158657611509 0.0413157704254084 0.0446624849845125 0.0509616118898007
0.0863866401843432 0.0451478978060227 0.0396326931926551 0.0456462445815659 0.037696885366282 0.0351924325021853 0.0346459367007701 0.0292087983235675 0.0906192791365567 0.0488336779896312 0.0425399200815024 0.0502555732308075 0.042971420273272 0.042883759969014 0.0482857393516374 0.0497374226656843
0.0856225750701809 0.042071814032296 0.0376153741848037 0.0349257508141766 0.0343243991899269 0.036695680512484 0.0291457766179481 0.0272263237114148 0.090281914260761 0.0470001178885637 0.0450121206613485 0.0433828220966347 0.0433135092292021 0.0482668314950212 0.0445352036911426 0.051668674381151
0.0879364508243876 0.0822611868976152 0.0420442020683439 0.0341929114883525 0.0338353692663548 0.0327201957125094 0.0334127954556129 0.029930355387735 0.0892490273205035 0.0955686969765974 0.0486654752207429 0.043310103438445 0.0448514584232881 0.0434432317653594 0.0506240666924783 0.059422762541298
0.0841623906878234 0.0830840902394238 0.0819531012267432 0.0371892239551767 0.0344869978647266 0.0447970391144099 0.0326894858330028 0.0275966178132959 0.0913571636918252 0.0914332583699312 0.0914129625884341 0.0389175906088093 0.0396863781602431 0.0599467146025063 0.0449986069838945 0.0519268878394108
0.0858748010356572 0.0826800894439605 0.0935808472689626 0.0347338000991784 0.0340278794514219 0.034886523138845 0.0331620631441687 0.0284775977326564 0.0917814024831342 0.0897180890003673 0.108357872860381 0.0415420479753685 0.0431321434946342 0.0413743785258997 0.0458164546094989 0.0605727884383743
0.0894849438952263 0.083216907114393 0.0792030491392688 0.0348334029925068 0.0342320654065043 0.0328486267143685 0.0316251838501516 0.0253569541276597 0.0859695357267469 0.0906869970929092 0.0872820275956028 0.0407588508930785 0.0409025707549167 0.0419051552162772 0.0468276831878525 0.0471311234039523
0.0858745403119663 0.0835145865024423 0.0795625468569114 0.0338070797471259 0.0332891665042969 0.0341924871130862 0.0309224824682286 0.0288038416202365 0.0896488921653067 0.0905085463386236 0.08621084224008 0.0408134214435304 0.044273292876044 0.0453799833739144 0.048024350734206 0.0538423063191171
0.0849700761305683 0.0416905526964989 0.0384955298680062 0.0345670320621966 0.0488224481082715 0.0332482545762204 0.0314704039359441 0.0262303076694227 0.0902762280161237 0.0478083889617912 0.0484825202463579 0.0425037358371695 0.058356728268593 0.0444315514093416 0.0439344002697951 0.051239898378923
0.14754216884461 0.0452374087973315 0.0428024633410955 0.0352408581327876 0.0379694354670357 0.0339404396574218 0.0331216936386186 0.0287674692917001 0.140469240815846 0.0442087184006523 0.0439140953188535 0.0405642533343488 0.0436541240898779 0.0432185887991183 0.0437086460121939 0.0506930597974709
0.085585301757751 0.0442027379902833 0.0376321876207453 0.0337353764314982 0.0334844971796526 0.0321099192101257 0.0305291023820902 0.0296848012439707 0.0920262100569502 0.0502814823988116 0.0448750755768565 0.0411719569097408 0.0429452845797413 0.0461707480993698 0.044560482324059 0.0538191818112674
0.146639448758251 0.0810671237663288 0.0443015393364772 0.0454869748541786 0.03573734596182 0.0344261610464167 0.0311818301943684 0.0297699209711544 0.141655326910477 0.0911656152155948 0.0469861009176265 0.0482905868413024 0.045919349363136 0.041459241226236 0.0481863960094712 0.0500835135711261
0.101495933499349 0.0832065990081173 0.0425695497931278 0.0355583490499877 0.0337948727858071 0.0354867421461082 0.032110124953916 0.0259921932404675 0.105106282667951 0.0926433163284804 0.046679601036999 0.0422932215123169 0.0434484563870655 0.0459141567627237 0.0436091738745663 0.0521863879910592
0.0862422908381577 0.0941157743086695 0.078562239115881 0.0371871584226441 0.0346226146957003 0.0380724849906735 0.0311231765050593 0.0259395782974822 0.0892392619584428 0.106775505841504 0.0914041055455037 0.0405712416182304 0.0414397927723957 0.0473505180640668 0.0455298230015357 0.0532096917348437
0.0878276730715799 0.0836349178917513 0.0836850590387436 0.0375813323394147 0.0348316647839789 0.0358462835869112 0.0334519305813841 0.0258328266814479 0.0875606492532247 0.0903096157873029 0.090101091596277 0.0414650328816455 0.0413123512930934 0.0440049629399352 0.0412619121289717 0.0508053824941535
0.0868672106504068 0.0830798938523474 0.077799368249403 0.036454568032931 0.0345705404966847 0.0336047688199774 0.0329923147318406 0.0267692163866552 0.0883238483159242 0.0897793306254096 0.091221016103756 0.0425469671308435 0.0436659069212818 0.0416435624519018 0.044351619625884 0.0580086768129479
0.0876759182350476 0.0877146235035597 0.0786712083486823 0.0485594697885304 0.0373874333266128 0.0375048839449392 0.0327929845489507 0.0311892943523271 0.0877742796252358 0.087800407520193 0.0888193960578109 0.0553343701630107 0.0493745108029634 0.0472447919883874 0.0446513777858714 0.0546430540957538
0.0884064579916323 0.0840985951995788 0.0788223635895796 0.0766063993072352 0.0344008849013924 0.0357868218095458 0.0323052464475347 0.0280265885055274 0.0866209356667821 0.0892966021033039 0.0913939948454153 0.0913114061372193 0.0469699585331783 0.0434867745285688 0.0465990882761954 0.0528779330250432
0.0864652848471374 0.0864600213171144 0.0392889465379467 0.0656822441035395 0.0398770419539645 0.0324013157002076 0.0357820184385859 0.0257015307530988 0.0883608501132641 0.0883663490126495 0.0436350586148589 0.0784374313509343 0.0513658166409839 0.0400751645611931 0.0488792273327538 0.0602058588111826
0.0877128888019152 0.0457499430660185 0.0793112020929247 0.0369161324231646 0.0359903228763056 0.0341240229682049 0.0345217293470937 0.0327421633933616 0.0892635490510855 0.0482623353712431 0.0908251023228599 0.0412546359155562 0.0449140080411459 0.0503256740721403 0.0417604252458546 0.0539924208451925
0.0855509916151617 0.0434004718023777 0.0417369298379088 0.0351624327496591 0.0362278796035076 0.0328919822100012 0.0323358611175009 0.0261833255991875 0.0898513143653001 0.0456498940357608 0.047504948004719 0.0425010704360054 0.0420367184949387 0.0449215982881233 0.0428731541742325 0.0532852245546295
0.0843536333976313 0.0423596864632045 0.0792481832245321 0.033046777652719 0.034034429936723 0.032578402723113 0.0327952964126371 0.0259421411702913 0.0920247745889409 0.0472976569281833 0.0902415963138427 0.0420258738849714 0.0439496903825235 0.0447645864986386 0.04376611594044 0.0513127100323689
0.0837270763239934 0.0926000778200453 0.0586162581388702 0.0341706010597497 0.0329007925232865 0.0328407838569937 0.0318881084436336 0.0261199661036385 0.0924626024621464 0.110203960142089 0.0720404166330775 0.0405815144810713 0.0426684363510503 0.0444719664924601 0.0448327369070256 0.0522728921992331
0.0852502439463532 0.0828162383627318 0.0783144107230772 0.0345943508904395 0.0332218961215481 0.0332655671613706 0.0334612626519444 0.0259928734140377 0.0917051023308742 0.0914964181534271 0.0902831079530329 0.042523895459566 0.0453144968074145 0.0412037218654372 0.042738976528573 0.0509516198852373
0.0858924349413953 0.0416746955274447 0.0396300321146805 0.0350655799990367 0.0444874658007481 0.0433934687401742 0.0317156149306249 0.027963948235328 0.0914176195238554 0.047213969025142 0.0471169282238697 0.0429018795480724 0.0528931449240903 0.0523267991343228 0.0444513688448404 0.0498546325878058
0.0850629782771372 0.0968604347689738 0.0422575624986484 0.0363397983385985 0.0353278100152944 0.0341171188699064 0.0352315814011133 0.0266291653726852 0.090163863875124 0.102045142995742 0.0485055770558354 0.0435180758492329 0.0429383464828391 0.0460649194510678 0.0438715729149832 0.0565818811584655
0.084621495038315 0.0810423975565094 0.0411350282763861 0.0365850611559487 0.0345631778655242 0.0328402037745629 0.0328090474161719 0.0272225488612259 0.0906769375628856 0.092590259860601 0.0464335772634754 0.0425319443639851 0.0444209918741823 0.0414667174709035 0.04735744209942 0.0518968636787477
0.0865365779779754 0.0830487135361702 0.0790818084974054 0.0361766920862438 0.0376371015943977 0.0359627326219806 0.0331261612169326 0.0268593322073107 0.0884389166308232 0.0912788685803706 0.0900852833632216 0.040507451053952 0.0409712779931907 0.0390064851051627 0.0400706982694648 0.0543696773369852
0.0870139056475944 0.0856111785714784 0.0814582879081428 0.0352660976613756 0.0455979601669506 0.0333686784226294 0.0319912593236302 0.0273329025434336 0.0883247665581259 0.0874354274619841 0.0862920695247955 0.0407933479974902 0.0556238886858701 0.0426941856148633 0.0439121334414971 0.0491911504430938
0.0846322206723079 0.0846540801056445 0.0769456552908463 0.0478288626820656 0.036206676464378 0.0319498001744667 0.0308266103466938 0.0290856387985385 0.0908297241830574 0.0908113721467318 0.0917336807236906 0.0531708411536945 0.043402661280559 0.0452056557917219 0.049468698282549 0.046726102713573
0.0854270416853495 0.043955576379493 0.0786109008303266 0.036913438178876 0.0380416717547295 0.0334079769827746 0.0326243725658483 0.0269484577129784 0.0896629697226358 0.04504406233363 0.0902005964381208 0.0402873048520436 0.0472785901153245 0.0421218206953656 0.0431628334081005 0.0553402200850329
0.0887412939325466 0.0475152856663664 0.0807398837718224 0.0365814767970765 0.0404322814221898 0.0326604428388519 0.0348784751938239 0.0293995558921023 0.086735386233509 0.0462438907294792 0.0890897421196667 0.0402977590914965 0.0483989291581153 0.0415172734847726 0.0429927655269094 0.0620271422673449
0.0859187547547188 0.0455441893491118 0.0433512994441284 0.04795905421181 0.0348125806091478 0.0318259361649824 0.0363446428492999 0.0262171061144269 0.0925916073667878 0.0488284432476521 0.0482189034201144 0.0569396689856914 0.0427678611697681 0.0481237521793122 0.0446813059029135 0.0581441714257255
0.0852258213135377 0.0514801735848203 0.0377169644400779 0.0443730052493655 0.0323784549565551 0.0425865836427681 0.0311087074882883 0.0259558431056473 0.0902604804313467 0.055811378094218 0.0453837321250338 0.0542774809341097 0.0423779775909192 0.0520200861075433 0.0469687343606506 0.0551322921742587
0.0858120236633899 0.0971876460605427 0.0390149915335433 0.0384643714819357 0.0332039685284521 0.0342664450557036 0.0315617574158178 0.0273661542944046 0.0891311475028599 0.105464742950949 0.0442022930264918 0.0470507296062693 0.0424539890668141 0.043261324262608 0.0464985388330924 0.0496714478777021
0.0874697802133535 0.0875448067696873 0.0827924927987935 0.0392100347424442 0.0363438534501069 0.032945714712033 0.0338133908274692 0.0271254300312099 0.0900666090259317 0.0865396080009112 0.0849069909501712 0.0476701334328139 0.0425279620927106 0.0427936057067545 0.0424387248523663 0.0510761373046766
0.086290726201356 0.0421657597841061 0.0485346521977688 0.0353753945055939 0.0326428650947647 0.0368382375604408 0.0318897743882054 0.0264681805103523 0.090830857222125 0.0471811555627843 0.0539900301910547 0.0426733114120901 0.0450564365262794 0.0472219361777998 0.0491511770184049 0.0520137294310604
0.14509610439693 0.0810719681707039 0.0411748192084323 0.0734313055474606 0.034485926038076 0.042615942969676 0.031598998042254 0.0274520020226967 0.14296829498382 0.0934718631852483 0.04517966125716 0.0907801298217281 0.0394017602750951 0.049237873833462 0.0449021473807933 0.0496850244506033
0.0870785863160495 0.0686528235345245 0.0785094265126792 0.035979762360056 0.0336914483507481 0.0325991038667179 0.0319731985520122 0.028346289715576 0.0881277894325796 0.076213752283685 0.0884277078933909 0.0425443092387741 0.0432519171159999 0.0420053833891152 0.0428778546227245 0.0522614342675198
0.0879332703859659 0.0419107313107252 0.040135455457815 0.0718132476530582 0.0351312073407375 0.0341842721228523 0.033699034279964 0.0310119180073298 0.08733750219282 0.0471594959635648 0.0436304147685807 0.0852612367861104 0.0451482978894283 0.042897008423774 0.0403587117422457 0.0536166782487293
