0.0400168017141719 0.0374974025253339 0.0339112556707264 0.0291750140293457 0.0291100946382696 0.0282252717252706 0.0247080961321656 0.0225165444415846 0.0434095435686957 0.0425128971679281 0.0408950599583601 0.0413794510287066 0.0393881204374928 0.0432523124858847 0.0428566251771231 0.0480008825497261
0.0390254363450328 0.038647718621166 0.034044636239429 0.0289358353375856 0.0291928953700934 0.0300759632871847 0.0281178979828533 0.0200945642451676 0.0448257099684225 0.0438980298014912 0.0409985645969123 0.0400937497636022 0.0422322845823708 0.0398910908943171 0.0420182781702241 0.052848117947996
0.0407235518300146 0.0377076262636604 0.0360547803274556 0.0309301352374555 0.0289420907453154 0.0298228491087697 0.0277800117000994 0.0228017938138748 0.0429934908869703 0.0421824961942352 0.0405965912295226 0.0373070239667005 0.0391003662393977 0.0386014768687499 0.0408081032278451 0.0502739825083238
0.139761834000525 0.0383307677833687 0.0340440539743754 0.034674771051626 0.0334094206856468 0.030058109090576 0.0278546285254572 0.0247867204713622 0.143624950435878 0.0399148260776179 0.0382954080901898 0.0396771018125855 0.0390429175574665 0.0375568368736779 0.0428962125710141 0.0458632578114117
0.0407383691979649 0.0368397896456412 0.0337628387806016 0.0299494125950848 0.0306496118980864 0.0273172906753294 0.0274415037217639 0.0231963323521908 0.0429727909774826 0.0408390012089524 0.0423385961818741 0.0411848750901189 0.039615484037999 0.0433997465651275 0.0412694404692809 0.0473150701448748
0.041902548947922 0.0392311923567154 0.0365527809655614 0.0329116499426925 0.030963763138864 0.0299006636423027 0.0290506520829574 0.02316082547073 0.0413990953275226 0.0416836488044463 0.0401112029300205 0.0357619344849157 0.0391048277428292 0.0384408573891709 0.0418734478286956 0.0486636109696973
0.0414485429982263 0.0384607961055865 0.0353741932589294 0.0332723491191984 0.0301540865431747 0.0304949242079147 0.0300687916775202 0.0274073538439946 0.0421022223296888 0.0387680745615831 0.0384986369792208 0.0370887703740939 0.0393454261358542 0.039609437939823 0.0406222862917954 0.0420715650384363
0.0395590114886735 0.0360135732448528 0.0353438005130732 0.0306469885728633 0.0303497580901319 0.028915714111316 0.0267600856018882 0.0267811571077698 0.0443028339351609 0.0414865383469063 0.0411056126633135 0.0390318378005784 0.03931487543617 0.039012404788599 0.0438445529592886 0.0453768523478817
0.0382216266664325 0.037600257997789 0.0338747485698851 0.0288210528858574 0.0279788904303146 0.0275176373520868 0.0271772874709761 0.0219860404269112 0.0453870559521045 0.0451214674442449 0.0408204976005485 0.0409139156205384 0.0441121884494042 0.0414796247858536 0.0445723377615523 0.0484891594617755
0.140682779368381 0.0345739194763572 0.0313803290291528 0.0295905122255779 0.0286198466766862 0.0277472653630125 0.0292592337173947 0.0215384197715117 0.144438975134172 0.043290563300767 0.0407018439851548 0.0403511791201853 0.0406564596882673 0.0427407201801952 0.0427396217500945 0.0589855773860907
0.0423687340746894 0.0394004519801329 0.03587302152794 0.0337681209818614 0.0293669508211434 0.0327359081933305 0.0272149776582972 0.0231160109113903 0.0411217404799117 0.0401065316837122 0.0398385924139423 0.0383138218807574 0.0406186958767469 0.037975706043272 0.0408478357954395 0.0499158969910276
0.138898770024322 0.0380242839709783 0.036355517876951 0.0308522470537923 0.0307931743064469 0.0290482351877342 0.0313360487151906 0.0224376034194173 0.143905127820416 0.0398634339175331 0.0386661665354566 0.0388854810128994 0.0398435520209939 0.0388354198248147 0.0382485770373659 0.0545882110897647
0.0410593066312705 0.0374439837411 0.0367049985561282 0.0308436475139028 0.0296938801018131 0.027883313261126 0.0258661502778662 0.0210314393280055 0.0424311628000059 0.0406809115444955 0.0399216422238859 0.0383500935016333 0.0419888002227147 0.0444659316631549 0.0408967726984103 0.0482737759381351
0.0414304618719917 0.037753176609346 0.0335945287409365 0.0313619324777723 0.0299780665248314 0.0298181096517208 0.0270369740376887 0.0223456573360367 0.0419145766493147 0.0397828342894028 0.0401745147585875 0.0371878758892406 0.0382291617507452 0.0418686677821935 0.043815267052738 0.0567577151253518
0.0391322718992723 0.0360553518106439 0.0325461193628837 0.0318972597424859 0.0298289665223461 0.0296708812646661 0.0277937138823221 0.0241044971546093 0.0446095807609725 0.041544603166757 0.0399887868382609 0.0392384012794589 0.0432863829847806 0.0415364992386733 0.0404417452818491 0.0495970659517619
0.0391992870348842 0.0355628570900631 0.0320929459510283 0.0294822796415337 0.0262043907384287 0.0263727820194044 0.0281807712160821 0.0254732599998666 0.0445062809945825 0.0418349451500819 0.0400956392757997 0.0448139639238946 0.0429029102163938 0.0441339905579965 0.0390565479364291 0.0422774171857182
0.0419833835161173 0.0387324281090039 0.0366148653755448 0.037807531932605 0.0331716793762473 0.0300460358057144 0.0288284704780516 0.0221074419641187 0.0418179830773389 0.0394422068192628 0.0423024836673323 0.041212040602058 0.0369297288249278 0.0390820735927027 0.0410462051958721 0.0488158308199452
0.0389992647471435 0.038425017504676 0.0338748687445706 0.0298658481275981 0.0283435125263795 0.0287595548204234 0.0274028421214364 0.0229503317749951 0.0447788913242026 0.044094645247909 0.0408698195267211 0.0421255162774772 0.0418672287814804 0.0413247899245336 0.0446719663685279 0.0459691871897368
0.0427177736401113 0.0417385590271118 0.0350448605113642 0.0309947451475151 0.0304057484178162 0.0297246940626438 0.0265924020996173 0.0209520654039282 0.0410385785020781 0.0404919030048047 0.0379694006075307 0.0366700139577936 0.0378628444165589 0.038027595298153 0.0463422529988629 0.0542037298221477
0.041713537569186 0.038928015701298 0.0373362454410767 0.0321255144864768 0.0304573501513113 0.0297106697085086 0.0272429946655497 0.0225473319584944 0.0422065979113297 0.0387569926332817 0.0392105169001328 0.0378312128784651 0.0424100230017648 0.0511163706582625 0.0415292745173745 0.0566224365237367
0.140467977897272 0.0387827725810561 0.0353486209455922 0.0333387078756066 0.0310734913569037 0.0319746833828377 0.029685018081626 0.0269531677045394 0.142650883409825 0.0386695502212698 0.0366177252733862 0.033590960009916 0.0381864384518318 0.038240603373422 0.0449299341162514 0.0432242299543702
0.0424082582669405 0.0424555591339441 0.0378471778433295 0.0319580782700287 0.0295223310082529 0.0296981410139163 0.0302518167602815 0.021351276930468 0.0411418244898832 0.0411063750717405 0.0400463801909815 0.0374336692244736 0.0410958204225259 0.04086890802744 0.0380665517742406 0.0517393284563234
0.0426154776824853 0.0423805615811413 0.0383241622393534 0.0316218026398332 0.0327110129922788 0.0300297255270465 0.0260163623144198 0.0240049616963331 0.0403650832780752 0.0397885368189504 0.0389800134862323 0.0373055892543203 0.0356190694887662 0.0391700697589165 0.0445814452871343 0.0505997387025606
0.041726013368915 0.0388783655647306 0.0344425420856724 0.0324990464087036 0.0309440308327995 0.0313049210342966 0.029049973455911 0.0221760280358727 0.0416841839167985 0.0402151934675988 0.036452793052763 0.038899795714657 0.0385109495471106 0.0370333629107837 0.0423545774929768 0.0526571146620804
0.0420631442017444 0.0385079282965358 0.0362506795897156 0.032732474917342 0.0310127394071286 0.0313027641737101 0.0342518766718508 0.0232710519240156 0.0418395949077878 0.0406990563779488 0.0383130548649038 0.0373714457203277 0.0367541174358302 0.0386921488080689 0.0372228656976245 0.0470411094247578
0.0400476950720285 0.0385335517046864 0.0346532083688681 0.0318863610024105 0.0305269191604476 0.0292888883420676 0.0279539557883534 0.0242407454443838 0.04313376062543 0.0415903452533494 0.0464066837607824 0.0368961110483547 0.0401373158745136 0.0409302182963785 0.0417217470707819 0.0437010341585668
0.0412849346164049 0.0376688428752497 0.0346349504078573 0.0297351151412962 0.030238150998196 0.0303717646346926 0.0289731803773204 0.0244117248629014 0.0423450787009582 0.0404020507769834 0.0393517178485818 0.0394731117833152 0.0403025535655873 0.0393556859615259 0.0382820359110392 0.0505614957991155
0.13972703913228 0.0361227827853818 0.0330462698863167 0.0304415065877957 0.0336156565870241 0.0306309310443393 0.0267287214751304 0.0218718250242902 0.144802675515007 0.0415641895893652 0.044680268348564 0.0439652108857312 0.0401671538751045 0.0403432954884459 0.0438822065511907 0.0574884080423343
0.0418060353999221 0.0387829989959969 0.0371923737119069 0.0302962852242822 0.0285794043657821 0.0296108852527808 0.0269519428723619 0.0245453460706559 0.0414098095500463 0.0406836596181259 0.04199932782417 0.0372788391661514 0.0395806328576417 0.0385329260712029 0.0462130571836073 0.0494463180206227
0.0411965277511089 0.0382057836346042 0.0368866178821907 0.0313258810442529 0.0296954610374979 0.0314358023850933 0.0271493786278322 0.0257285909123321 0.0421641735086085 0.0424294671208789 0.0428630215545322 0.0388799148753596 0.0391617628000046 0.0383848407281601 0.050059056024583 0.0461604393351792
0.0413642055156596 0.0368563338995994 0.036099257406231 0.0333409561093176 0.0288503504400687 0.0285481473102081 0.0281038815751373 0.0232926290716576 0.0419311510237904 0.0396401836950787 0.0381051761858968 0.0390670393872146 0.0392412294600617 0.0423518785654784 0.0415001183666865 0.0482442627310101
0.0406471807780823 0.0382106355771687 0.0338597259543037 0.0316055955607619 0.0323680146583242 0.0297526247403021 0.0286837398250075 0.0230321905994043 0.0426654942976681 0.0420821315965584 0.0390355838141273 0.0404816542522559 0.0378709009392836 0.0385281646778393 0.0423896015279423 0.0486506205533157
0.0405203626965631 0.0360003710739235 0.0357864034553466 0.0299491115428883 0.0284103592400176 0.0290334020483865 0.0274139178659 0.0240777514549984 0.0435908497691908 0.0418613510703305 0.0407278564182367 0.0412555727943198 0.0440544470275242 0.0427802127419267 0.0465800361748452 0.0466010537968139
0.0387998511747354 0.0365741380411831 0.0382709919847703 0.028948578102821 0.0293202206531942 0.0289580610032788 0.0245947394453206 0.0219094933574032 0.0445700376624492 0.0450485196431136 0.0449273210707701 0.0419135186628843 0.0432736052187034 0.0399132592891453 0.0465049813510563 0.056252628652609
0.03979832216146 0.0363384636001452 0.0337755322735585 0.0335557107742267 0.0326226579514601 0.0307415527597157 0.0282286923513503 0.0211318591380513 0.0441084077710384 0.0418211703015496 0.0407351296339555 0.0384895549538939 0.0440360992820144 0.045433042944274 0.0482498854774942 0.0588788204877007
0.0421774941860778 0.0391577088239731 0.0357349039864788 0.0355510989400046 0.0305620511169517 0.0299493420144571 0.026856229624932 0.0232254917195317 0.0412635612455552 0.038566403761176 0.0392976328611843 0.0387175284433213 0.0401509071593391 0.0405526615914585 0.043300604697179 0.0465780815871796
0.041229876407006 0.0369066492147202 0.0334991247403402 0.0318451871429918 0.0298300132712351 0.0309870725359568 0.0312873301180191 0.0226855119462661 0.042436897805105 0.0401203796244405 0.0377800088911023 0.0366271396862915 0.0403011076779769 0.038647011155523 0.0415950435164487 0.0531602534732394
0.0429196483235283 0.0381121345795619 0.0345081132665073 0.0336515149084824 0.0303565400211296 0.0311804346820908 0.029657245160371 0.0222041488990164 0.0406992061228315 0.03863711289084 0.0373092563686391 0.0364100455951706 0.0408586084378934 0.0387883188028072 0.0412695136132376 0.0493847468656687
0.0420935784987762 0.0409905871632772 0.0372692599950215 0.0322118843339909 0.0316085999990455 0.0314034185383767 0.0277350551542727 0.0253803311998152 0.0414931875528438 0.0413798684270306 0.039596330702232 0.0369659047620662 0.0406045043086324 0.0384111404198186 0.0415724303642035 0.0450515761947979
0.0414128913419996 0.037422788044125 0.0351582552836477 0.0304815543165509 0.0308991735316316 0.030353130521867 0.0274004495043304 0.0231353537649365 0.0424289669198002 0.0401914972886406 0.0403454997998505 0.0381501273399327 0.0430208025033242 0.0403375236986702 0.0498511687483605 0.0517104949763057
0.1404427216935 0.037814757812857 0.0386688881052243 0.032967778453334 0.0306203359498221 0.0288364435843796 0.0304435736654086 0.025435280314635 0.1464328525552 0.0402093893113994 0.0419914945556108 0.0378384356544227 0.0405221666043233 0.0404469077081443 0.039615445396667 0.0453369650970105
0.14196383601461 0.0379732027122075 0.0357543407390059 0.0311482953252214 0.0320202567491747 0.0307436872753714 0.0282614099155179 0.0234752746853714 0.14100475226011 0.0394493066135314 0.0383696589733228 0.0395576247963767 0.0370899199672948 0.0410721788900451 0.0424133169934776 0.0504317225001749
0.0417221803809976 0.0381342849988862 0.0353288251283906 0.0328009171026471 0.0302514252922806 0.0336072124512405 0.0311566064055652 0.0266670363374795 0.0417573526732729 0.0391239116828413 0.0367444995603715 0.0394448125311841 0.0422775545747552 0.038584850222672 0.0376735533420331 0.0434003006481207
0.148677226789906 0.0372231472698768 0.0350433240321255 0.0314222401622165 0.0298215107397832 0.0291141292395293 0.029246959703089 0.0227283131234914 0.134271590477845 0.0412115339472925 0.0390882850421675 0.0421809572139557 0.0421507092317946 0.0429246461449205 0.0391761944152914 0.0497168472070216
0.0414504939181251 0.0405964902897156 0.0330020184007558 0.0339722909691901 0.0305301176145189 0.0296036941367998 0.0303295419624558 0.0219319938649033 0.0425176464788538 0.0421000995138903 0.0384098544896738 0.043226258482394 0.0418380110799298 0.0391184662182095 0.0394381720799769 0.0447439193037472
0.0411044024120726 0.0375683017647544 0.0348709096201908 0.0324341377125274 0.0311434120227281 0.029755756405939 0.0268466522415095 0.0219708639745197 0.0420723061756922 0.0394743731436229 0.0406904861232054 0.0408014954818562 0.0403136599387505 0.043521220317308 0.0431656439131532 0.0500584292399161
0.141160930484468 0.0402382278200112 0.0358386109856825 0.033980440995493 0.0313732341945775 0.0322662221245532 0.0273106834254969 0.0246546276251548 0.141907953295593 0.0419997681399965 0.038622715867103 0.0392445557501034 0.0373071974930314 0.0407248334293897 0.0418503607282982 0.0524807855946568
0.0409510978841512 0.0381039264053702 0.0375940855650945 0.032077626055089 0.0309659968366951 0.0293662171600318 0.0253106460064218 0.0225248809913157 0.0423822441425336 0.0394238335662506 0.0428014234054796 0.0379214794525265 0.0392725446436716 0.0403297191080431 0.0432906994310751 0.0494963245781025
0.0407763985359788 0.038499852778129 0.0376031959160094 0.0316093258457202 0.0284799124952563 0.029166079982703 0.0283863375730996 0.0222448743142697 0.0431169254437123 0.0426052940517326 0.0436065126634404 0.0411402855601291 0.0433510111752086 0.0384691703867324 0.0406576948445956 0.0586268488095162
0.0407483655048633 0.040228361021649 0.0364344945589238 0.0300282528606261 0.0292337612011155 0.0289355173939849 0.02760749586129 0.0245375547583506 0.0427714135363066 0.0420502518365898 0.041981172864712 0.0387766138350388 0.0405244087424574 0.0382041099407799 0.0406480378955398 0.0444333283067522


