0.141270242099724 0.0956456127451442 0.0424495473544687 0.0455960051875627 0.0320665239676158 0.0311645620173447 0.0307062299286708 0.0245174075899531 0.143164694162232 0.099725433830716 0.0449456281551942 0.0543146002478808 0.0423808729548986 0.0422927208506511 0.0500690701109981 0.0515643798404345
0.0964269383778605 0.0936410490056757 0.0516337058752089 0.0358767439216709 0.0353227431198023 0.0324675015359078 0.0358038315192333 0.0280989112349547 0.0958151590032241 0.0924754332188541 0.0554882750302233 0.0402585829521722 0.0410797668817664 0.0401732661258407 0.041493881552428 0.0480237646630366
0.0957040445463077 0.0928315771496828 0.0421342407895273 0.0416907514321195 0.0646426726576089 0.0326477320958162 0.0316136753856174 0.0287832017767995 0.0960552836950239 0.0927813179733107 0.0425450564118341 0.048581531734865 0.0758567294963049 0.0404162821382175 0.0438591672459403 0.0495197986658735
0.0966379663693774 0.0446340251311064 0.0715124107873423 0.0355087176624999 0.0336870552066196 0.0331938878910518 0.0319468653090414 0.0269858686838927 0.0953665804533157 0.0449600092470124 0.0805468959261112 0.0425914402285165 0.0387771114893564 0.047538623656044 0.0425882533775315 0.0468483753806907
0.0953835541913145 0.0880529710749299 0.0435604756215201 0.0392270560806704 0.0319902150947635 0.0358870967086943 0.0325354457070241 0.0261127858007789 0.096581165723463 0.0909859273877696 0.0455264447391839 0.0428087608440297 0.0500544659255484 0.0436919020619003 0.0395594683004451 0.0480062902619103
0.0937490362247587 0.0857471696329304 0.0764568666143377 0.037386039985666 0.0338675713304416 0.034358427412138 0.0309342255437986 0.0309067711209189 0.0975849725531101 0.0926998038032933 0.0821399685261765 0.0417560409827504 0.0393063169801414 0.0401121165447658 0.0419650466504897 0.0469647968895686
0.0927915185612921 0.0705761277369232 0.0429876866557676 0.0499601603957474 0.0350662922115116 0.0364902352621046 0.0345463070499885 0.0266089910224355 0.0998310395247186 0.0823589753532461 0.0472642015960577 0.0606417372290341 0.0417129460769993 0.0426038799981495 0.0419378705019473 0.0496286212313528
0.0964025358043817 0.0763166696011434 0.0401053502464799 0.0738548820167341 0.0337632966456155 0.0556351101474757 0.0352243228446088 0.0302186431258115 0.0962257843114239 0.0811695548096337 0.0399837532563439 0.0797583893010985 0.0376418733808776 0.0801887124517587 0.0401462813049782 0.0486198723085592
0.0943165920383793 0.0767394181442449 0.039645426480296 0.0369364961133881 0.0309491135277318 0.0307796216711119 0.0305484753333763 0.0288193428085132 0.0970409416910531 0.0804937366201153 0.0472509049545355 0.0495558050017404 0.0441050811270112 0.0457508926436839 0.0499147703071767 0.0480443469908034
0.0929222445102122 0.0420048266259819 0.0400745910632158 0.0350505752192632 0.0317182005454296 0.032605259599841 0.0306657824033032 0.0248835164317555 0.0983739936796341 0.0427651968351993 0.0437484382200967 0.0389105793187223 0.0413995701148032 0.0395506758993658 0.0496382028898582 0.0500993498425864
0.0922013855072461 0.0897438836408176 0.038976844961126 0.0345872137729209 0.0418146318928524 0.0319641413979966 0.0702755364314047 0.0297074068647211 0.0995579228781133 0.0977079667514458 0.0448768014850519 0.0409556580978495 0.050313350923552 0.0438095034447667 0.0842561893370237 0.0591447180695254
0.0961195169910933 0.0399795739630638 0.04034956453256 0.0348894270272571 0.0334132784643307 0.0386678597024857 0.0308339444461116 0.0241582095822821 0.095328331126097 0.0457113536137385 0.0439623909875298 0.0491361302682057 0.0461669792055726 0.0525977204310276 0.0435315077985779 0.0543497183264694
0.140205708204551 0.0438683137113788 0.0411404012685196 0.0378028719670066 0.0420390403796711 0.0319535139167616 0.0322483338460256 0.028779958428622 0.142646417712452 0.0458932289715753 0.0447092228274125 0.0424935108289951 0.051280813902196 0.0417297623487561 0.0438032203492279 0.0457314249258168
0.136802112722074 0.0406241815285658 0.0386479894760144 0.0337927055374506 0.0328804491453142 0.0417419832267267 0.0337823992421386 0.0342769632556697 0.146825171024869 0.0436400897420769 0.0418540392120601 0.0402923055010513 0.0422389079752063 0.0579755649916053 0.0448802642982578 0.0751053921908111
0.0981090449164865 0.0436812120712576 0.0387132795081679 0.0377463127924934 0.0358343130350149 0.0326523202088914 0.0334377284796498 0.028928128725526 0.0953631454524489 0.045963630759113 0.0406480498773105 0.0458831827134558 0.0411690483665461 0.042509792618446 0.0422704968037392 0.0599605648492297
0.0939228951124804 0.0736776959545429 0.0702428531682793 0.0358769478483903 0.0359111763875732 0.0331312057575886 0.0331882649868964 0.0286479686445847 0.0986433440290481 0.0870942493993992 0.0848728437950996 0.0450758243832771 0.0428188629098588 0.0525142508547021 0.0454090551764873 0.0465299003586501
0.0920398227518233 0.0712514503059626 0.0386139855180223 0.0362389063324426 0.0304183411520621 0.0359953382693674 0.029792716938348 0.0267431107154092 0.101534507347952 0.0900580829811004 0.0482326543110158 0.0487748566663936 0.0417754348008424 0.0557746440098223 0.043882942504816 0.0549064983891103
0.141622444929463 0.075435864743106 0.0391845064603134 0.0373851402652414 0.034914201977315 0.0325199998335463 0.030161617390803 0.0244484848360766 0.142102800824776 0.081576974733087 0.0419193847453899 0.0435300787369186 0.0444791971275769 0.0420024678102259 0.0437512436276475 0.0496375130826329
0.0954956437792694 0.0412177345128706 0.0380727814300441 0.034780409926171 0.0309247136365589 0.0321023241027445 0.0285743590381765 0.0235885959828961 0.0955568428332382 0.0479854962571877 0.0473834866513453 0.0425114843062818 0.0423366225373753 0.0423662423862267 0.0471394313867928 0.0531620766396403
0.0951581189939429 0.0399614721876207 0.0734631349980494 0.0337534927257909 0.0308420603730943 0.0331667908979989 0.0316588874267546 0.026582524267042 0.0968560885417006 0.0452783796970028 0.0842213544023848 0.043215562029169 0.042154992831862 0.0436684810082084 0.0454183316435782 0.0518354932762895
0.0924815096204155 0.0930869436640615 0.0388008804083948 0.0510508715396465 0.0342862453492569 0.0298904445290025 0.0337511652592133 0.0258220777206186 0.0988407309887373 0.0990366506898015 0.0438719655537348 0.0608404813540473 0.0413853412905233 0.0405460448455545 0.0439947087372573 0.0485304906202191
0.0946939620755267 0.0427457380063257 0.0413150103839793 0.0375865588030891 0.0344800774843892 0.0353606469775009 0.0317259085694216 0.0292417547602619 0.0971907252079226 0.042135666671308 0.0426711616683815 0.0437372616854663 0.039804904215038 0.0385103632127185 0.0416194230183101 0.0466101590445022
0.139347946292986 0.0887639097189698 0.0366631093397916 0.0364291952102688 0.0364224400499038 0.0317514891644591 0.0310271050641777 0.0255655901804865 0.144061572659508 0.0997190705949131 0.0436571864487984 0.0498760854958823 0.0500293768223159 0.0433957712218017 0.0513771158228163 0.0525795162418104
0.0903148069185059 0.0841705815755722 0.0371955952516041 0.0367094658895272 0.0312908473362926 0.0321552243941985 0.0315103086080314 0.0257307089359369 0.102107518411384 0.0976534541514682 0.0423742442421482 0.0482201995423707 0.0422029835367759 0.0449584587935159 0.0429176556921496 0.0515058090104731
0.0933315377886986 0.041025954698436 0.0392702840088041 0.0440287338626132 0.0738545373519495 0.0347074908652707 0.0299377138346353 0.0254511848547042 0.0988220317275767 0.0439632966358136 0.0440533502130692 0.0540303072239091 0.0809700927102313 0.0424060010026427 0.0421613536604116 0.0605795440301954
0.141798949621562 0.0764750611880955 0.0407380071759121 0.0360130014056681 0.0344280439333849 0.035135967916635 0.0312510474317129 0.0283179449716388 0.141236472679635 0.0817785377163364 0.0443097421188373 0.0387454650860331 0.0420042472086335 0.0439152548143811 0.044086836743715 0.0468022142882476
0.0949719512985246 0.043832015490177 0.0678636340596104 0.0346404653196818 0.0323016914963066 0.0330598607289353 0.0303671503468082 0.0270887041256235 0.0968386755249202 0.0451812177895936 0.0858069570245484 0.0428732255116558 0.0461819738285428 0.0463447200607445 0.0446055560129462 0.048289228013562
0.0960915836093498 0.0895917298899446 0.0730365588099475 0.038179412131182 0.0329739848205608 0.0317211479472669 0.0326159243465948 0.0267966789627325 0.0950171741820027 0.0889336958559705 0.081591434196822 0.0430582218692438 0.0426432634429819 0.0461682450819957 0.0435758754923483 0.0542084434607939
0.0949462216008103 0.0777592146010389 0.054089260539174 0.0378652938606069 0.0439655603912607 0.043729363166472 0.0402375837495799 0.0292901839281321 0.100092398162508 0.0788057441240919 0.0558862325355877 0.0416095447231142 0.0523066340660409 0.0504951785389541 0.0534977215731379 0.0521173539255437
0.0945431428694043 0.0744087314813138 0.0412032452726936 0.0463139896825569 0.0351456731498444 0.0309535920673979 0.0330333577098504 0.0225323033503319 0.0988903968882144 0.0847517455569 0.0434751917299412 0.0520612651874117 0.039954820334427 0.0446400993661909 0.0448387598339359 0.0541478377915267
0.138135151650667 0.0833181643179883 0.0408123293987042 0.034055130243736 0.0318083698975426 0.0314744270242612 0.0350857654509526 0.0238780593859463 0.144797113714496 0.0970591341294289 0.0463448344726333 0.0445626267176523 0.0417353682688465 0.042360061005265 0.0488089841732694 0.0555433110607283
0.0906914926123899 0.0823604139896834 0.036074769402003 0.0322642842081599 0.0307600655710809 0.031728269948165 0.0303248236232582 0.0273237581171291 0.100828034769132 0.0956599482095749 0.0450713589588805 0.0416044564779544 0.0482311203478891 0.0400104985298399 0.0455096521028249 0.0455072127045033
0.0968334805089183 0.0420123099262986 0.070049389232567 0.0359314289651562 0.0334066025688738 0.033131301461679 0.0322314738606199 0.0263782800592166 0.0951424453375493 0.0432459895260876 0.0849612561716367 0.0404845936737629 0.0403263087689479 0.0422320972116481 0.0430409720150879 0.0484694176936251
0.139973021943414 0.0864095111855454 0.0465921365905664 0.0333342447141685 0.042356695787058 0.0669815867618529 0.0397097302726546 0.0274479549881742 0.148011252940468 0.0949858815673272 0.0502532964044727 0.041899134544855 0.0547859396153161 0.0747852959125614 0.0526296724728049 0.0471680316433876
0.136472657264215 0.0826273787369166 0.0809769671756153 0.0645344989280495 0.0394582557379104 0.0594795848772225 0.0568363392047902 0.0225948993852485 0.147650008686647 0.0985616709180221 0.100953774886001 0.0833618247711167 0.0526208625364776 0.0855996612362875 0.0799717385579069 0.0539571491902874
0.0947137309557591 0.0750992057336063 0.0749082666913968 0.0362919864577882 0.0340027726099093 0.0330714321894859 0.031668445792838 0.0265222667719441 0.0970525312045647 0.0813631531468448 0.0811914613876063 0.0392586173738784 0.0392362028419069 0.0431387164405945 0.0453755034481363 0.0546032148645919
0.0905873312441291 0.083645354332177 0.0379055997282338 0.033877014312621 0.0344768301125342 0.0325305807330337 0.0453423588161862 0.025857748170235 0.101194468998754 0.0943876455127941 0.0468896328590275 0.0446334716370446 0.0437076890918026 0.0437862816437915 0.0635067894341624 0.0502209695943948
0.090327308951242 0.0840907872549679 0.0392128224648462 0.0361289783932307 0.029772978364328 0.0307010962360898 0.0309247033818231 0.0234394826463236 0.101151698584166 0.0992926655917286 0.0487404983911578 0.0450397046562876 0.0404950358077635 0.0432000503053534 0.0505734285229838 0.0534637786670281
0.094233775434349 0.045168567095811 0.0384188820970511 0.0417131618729202 0.0349632778600811 0.0363136407926318 0.0317809189886382 0.0275423076750239 0.0972608918661962 0.0460488784139816 0.0428294468561992 0.0429213871036214 0.0434147520626049 0.0434225881853474 0.0428539542467386 0.0472572187806004
0.0964356849729545 0.0967282255913249 0.0697811167590807 0.0354342576863583 0.0407022458261009 0.03318619036515 0.0326408744714813 0.0273732685099994 0.0963193838309978 0.0965686056531347 0.0815347414137675 0.0404740354121098 0.0597231950700987 0.0441927363337058 0.0459115776394554 0.0510814747907792
0.142948225693114 0.0871400084828124 0.0695158591563405 0.0666713951226033 0.0324164152626681 0.0328738194524248 0.0304016278202606 0.0281823251897851 0.142072377514665 0.0969202328973706 0.0868235380241653 0.0779423085730205 0.0415969461662044 0.0431470417010062 0.0445343152790145 0.0611248287753472
0.0937353347058142 0.0417954820106985 0.0753324847187739 0.0618863508954376 0.0301550737897698 0.0315541426988899 0.0312278700611949 0.0286686695264426 0.0990023532356527 0.048168964274025 0.0829185049618626 0.0820963344112736 0.0451565221028228 0.0411534575587455 0.0476803004386554 0.0484093721142783
0.0934769144544615 0.0854144846481159 0.0379257200968128 0.0339289688750234 0.0341670518304638 0.0320159447604628 0.0294659687592418 0.0252090216804717 0.0995990682336631 0.0955056474087805 0.0450442734409243 0.0440696687587205 0.0452931353659559 0.0485999999186767 0.0480475226336142 0.0578086417530489
0.0872831734893187 0.041108125088057 0.0409654159744299 0.14267803010905 0.0309844693358688 0.0327942092881333 0.028659154726053 0.0304623117755507 0.0858689026026469 0.0439856652225591 0.0504338504202996 0.14029209392012 0.0455655491241833 0.0415429497805889 0.0519827609972847 0.0510789843238517
0.0949969452631574 0.0917565886401654 0.0748233376915935 0.0469065900605147 0.0659754754144033 0.0331784414501221 0.0344997595687702 0.029013257989143 0.0992473602829485 0.0952342393398432 0.084565352993653 0.0591238913419859 0.0862501881149681 0.0409658731751522 0.0458773094656077 0.0488438255248501
0.141977882561049 0.0863225242630643 0.0715555843061048 0.0343993346246781 0.0365633239742344 0.0335305768469709 0.031647346094685 0.029832316252291 0.141295744073333 0.0863873703807861 0.0797799327137932 0.0377406742449965 0.0428795613185254 0.0399737166355715 0.0440197048600143 0.045290435605753
0.0936181017786545 0.0914046671256415 0.0717096220652124 0.0329767477776144 0.0645813479503165 0.0305337093983082 0.0298519981035931 0.0256673925779343 0.099253660955345 0.0957611957872774 0.0852376609056391 0.041279236445109 0.0804632257089555 0.0423101332862944 0.0454251186286367 0.053992641541506
0.141468964570505 0.0899000709823778 0.0736342443533073 0.0327051113089905 0.0364134614503816 0.034810230487834 0.0401000172489433 0.0277454584883233 0.142550819392401 0.0924849162812343 0.0789635796451798 0.0424826359480105 0.0424145918206468 0.0464895928410351 0.0473465337814603 0.0542609900568609
0.140001670304962 0.0415022642974832 0.0417962691940338 0.0363293168956366 0.0441964084798794 0.0325612034413575 0.0314075726821815 0.0245759741533738 0.148070509801626 0.0436100775072403 0.0445474525720976 0.0442573708930742 0.051621391937542 0.0431629075569978 0.0504591796965857 0.0569300276541182
0.143409134762494 0.0904802528134084 0.0751780914759226 0.0335046023104296 0.042213739673932 0.031299756529913 0.0301774214231018 0.0283863886627689 0.13950424697109 0.0945927856925273 0.0815143263123605 0.0382533311995226 0.0447868170318524 0.0452840099981525 0.0428388222982983 0.0469486367791756


